000110110000000011101001001110000100000000100010
010110011000100011011001000100100100100100100100
000101011110100010001010000000000000100110010000
001100100010110110000110110000010010000000010001
011110000010110000000101011000110000001000001000
010000011010010000111100000100000001000100001110
110001001000010010110110000001000001000010100100
111101101000101000100010010000000010100011100001
111000001001101100100011011000001110000000000001
101000011011001001000111101000100000010000001010
001000010101011011010010100011000001001100000010
011101000101000111110000000101000100001001100000
100101101100000101010001010100001000100001000000
000011110100001100010111100000001010010000011000
001011110001000110001101001010010011011000000000
010010110001010110001001000010100001001000100001
